So Dinh Trong Tap Doc Lap: 3706

# Directed graph (each unordered pair of nodes is saved once): Slashdot0902.txt
# Slashdot Zoo social network from February 0 2009
# Nodes: 82168 Edges: 948464
402

448

510

3143

5448

5681

5894

6672

6700

7159

7979

8015

8018

8341

8480

8623

9025

9286

9413

9639

9772

9955

9997

10377

10474

10475

10477

10520

10918

10919

11257

11315

11374

11478

11627

11758

12009

12259

12426

12467

12529

12712

12799

12948

13036

13044

13162

13182

13236

13419

13434

13481

13550

13592

13749

14086

15066

15268

15269

15282

15477

15493

15895

15931

15940

15948

16000

16088

16265

16673

16713

16799

16806

16832

17058

17196

17422

17707

17742

17866

17876

17894

17917

17919

17981

17995

17999

18065

18090

18111

18246

18271

18626

18682

18745

18894

18943

18951

18963

18976

19002

19008

19035

19072

19093

19101

19105

19175

19182

19204

19258

19260

19272

19278

19288

19326

19340

19351

19387

19516

19540

19541

19551

19590

19625

19698

19780

19854

19866

19895

19900

19942

19948

19957

20004

20066

20075

20085

20090

20200

20214

20343

20353

20360

20362

20364

20436

20448

20477

20552

20618

20629

20673

20676

20705

20726

20729

20750

20771

20776

20814

20816

20859

20991

21054

21137

21148

21201

21237

21324

21325

21340

21365

21372

21374

21447

21731

21886

21894

22028

22041

22086

22129

22149

22192

22280

22287

22357

22370

22427

22457

22485

22498

22511

22521

22557

22606

22621

22647

22650

22675

22682

22704

22710

22755

22870

22872

22894

22897

22966

22979

23005

23007

23024

23029

23030

23089

23135

23179

23187

23258

23267

23366

23454

23586

23626

23641

23659

23744

23748

23779

23867

23878

23900

23952

23953

23954

24000

24056

24066

24103

24167

24174

24176

24191

24225

24276

24345

24369

24508

24549

24554

24624

24703

24750

24755

24766

24767

24816

25021

25055

25064

25077

25093

25105

25141

25171

25179

25189

25237

25248

25318

25438

25465

25467

25538

25541

25575

25586

25602

25609

25692

25720

25796

25881

25885

26005

26039

26061

26169

26200

26203

26267

26274

26275

26313

26340

26374

26476

26663

26674

26681

26687

26785

26791

26812

26913

26987

27006

27029

27051

27168

27215

27290

27379

27384

27385

27409

27426

27428

27458

27461

27502

27536

27548

27646

27759

27784

27847

27850

27866

27871

27894

27985

28107

28162

28188

28225

28238

28257

28291

28293

28295

28297

28326

28332

28503

28628

28713

28714

28720

28778

28837

28865

28970

28977

29002

29031

29091

29136

29188

29190

29216

29252

29311

29312

29351

29377

29389

29508

29664

29672

29771

29799

29807

29834

29856

29860

29863

29903

29914

29996

30029

30089

30187

30225

30235

30237

30253

30259

30276

30277

30304

30369

30532

30583

30705

30799

30881

30883

30948

30959

31022

31028

31047

31078

31124

31129

31175

31223

31249

31264

31272

31414

31466

31519

31560

31575

31583

31595

31638

31662

31666

31783

31789

31792

31794

31802

31805

31813

31840

31874

31909

32084

32777

32796

32838

32900

33138

33151

33168

33170

33222

33234

33235

33256

33257

33271

33449

33451

33478

33479

33492

33705

33722

33750

33758

33794

33881

33883

33890

33986

34026

34095

34108

34109

34123

34125

34128

34150

34157

34167

34185

34199

34281

34282

34301

34412

34509

34512

34514

34608

34609

34757

35151

35158

35170

35179

35193

35275

35304

35371

35392

35409

35436

35519

35538

35694

35701

35702

35745

35752

35757

35847

35911

35979

36005

36074

36083

36138

36153

36160

36301

36305

36316

36320

36325

36326

36491

36506

36513

36592

36622

36661

36725

36768

36841

36849

36926

36992

37003

37022

37027

37065

37075

37194

37242

37309

37318

37343

37383

37474

37658

37673

37766

37775

37839

37877

37901

37905

37919

37993

37994

38013

38017

38066

38077

38083

38085

38113

38128

38200

38240

38269

38278

38381

38428

38440

38441

38580

38678

38727

38752

38762

38773

38810

38823

38824

38885

38981

39001

39114

39248

39251

39254

39291

39304

39305

39307

39333

39334

39337

39350

39356

39363

39392

39403

39407

39424

39427

39431

39435

39436

39445

39457

39482

39492

39610

39635

39636

39647

39679

39685

39695

39721

39808

39809

39820

39851

39852

39853

39873

39917

39918

39959

39960

39965

40031

40038

40081

40087

40095

40107

40127

40145

40149

40151

40171

40193

40219

40225

40301

40306

40317

40325

40330

40342

40348

40354

40358

40359

40381

40489

40494

40504

40550

40573

40608

40611

40616

40617

40634

40635

40644

40669

40670

40688

40701

40729

40735

40768

40772

40781

40804

40856

40860

40915

40917

40947

40949

40971

40975

41004

41009

41012

41022

41141

41144

41166

41206

41242

41272

41287

41304

41322

41373

41375

41407

41414

41431

41515

41560

41561

41564

41569

41579

41595

41611

41614

41665

41686

41732

41765

41791

41843

41902

41908

41920

41923

41931

41974

41979

42010

42031

42052

42091

42096

42108

42116

42121

42127

42146

42151

42170

42175

42178

42206

42236

42251

42301

42305

42429

42634

42688

42732

42757

42762

42967

43003

43139

43155

43157

43206

43230

43233

43239

43278

43286

43310

43400

43401

43423

43425

43494

43503

43525

43543

43546

43567

43718

43805

43809

43873

43969

43974

43978

44022

44048

44243

44338

44469

44502

44602

44681

44692

44743

44823

44846

44852

44939

45035

45055

45106

45265

45272

45315

45347

45351

45447

45448

45469

45484

45631

45661

45700

45721

45766

45794

45810

45828

45846

45862

45867

45869

45872

45904

45975

45976

46019

46041

46071

46082

46091

46092

46095

46099

46124

46273

46289

46326

46431

46505

46562

46593

46672

46676

46704

46706

46778

46842

46902

46913

46925

46949

46962

46968

46969

46970

47011

47098

47134

47135

47170

47190

47304

47361

47414

47431

47451

47482

47558

47596

47700

47734

47764

47823

47824

47890

47977

48050

48172

48227

48234

48266

48281

48306

48314

48327

48341

48357

48360

48498

48549

48620

48635

48639

48640

48646

48674

48699

48701

48715

48718

48743

48804

48893

48910

48916

49048

49053

49089

49159

49167

49182

49204

49265

49298

49306

49314

49328

49365

49409

49412

49416

49463

49469

49477

49512

49518

49522

49546

49570

49571

49585

49650

49651

49659

49706

49709

49724

49765

49771

49772

49811

49888

49893

49952

49959

49969

49970

49978

50006

50014

50046

50050

50076

50081

50124

50155

50157

50228

50229

50245

50247

50251

50258

50304

50384

50400

50414

50439

50442

50461

50470

50486

50578

50585

50590

50597

50608

50610

50621

50696

50704

50714

50746

50754

50785

50792

50823

50824

50847

50895

50896

50902

50904

50906

50910

50919

50921

50924

51062

51063

51102

51125

51132

51138

51156

51233

51294

51310

51324

51337

51431

51481

51516

51540

51576

51655

51660

51670

51685

51686

51783

51794

51809

51811

51817

51834

51859

51864

51897

51900

51901

51916

51933

51937

51950

51980

52015

52018

52020

52028

52032

52037

52047

52049

52057

52065

52068

52074

52076

52082

52099

52119

52121

52126

52134

52140

52144

52153

52156

52161

52164

52168

52178

52181

52197

52201

52233

52244

52254

52258

52262

52273

52278

52281

52283

52285

52289

52290

52308

52323

52334

52403

52404

52407

52414

52417

52425

52427

52439

52459

52463

52502

52503

52505

52521

52537

52538

52539

52555

52572

52577

52584

52594

52603

52605

52610

52615

52617

52618

52637

52704

52724

52728

52753

52754

52756

52766

52768

52769

52781

52826

52887

52927

52951

52968

52985

53049

53061

53071

53100

53101

53128

53136

53140

53196

53198

53235

53275

53294

53344

53384

53386

53394

53408

53418

53424

53425

53428

53433

53435

53438

53456

53506

53512

53531

53569

53621

53663

53691

53703

53715

53741

53757

53760

53772

53777

53780

53822

53872

53873

53877

53899

53903

53904

53913

53917

53918

53937

53948

53954

53975

53981

53989

54018

54021

54069

54070

54072

54094

54095

54096

54126

54153

54200

54203

54204

54213

54217

54224

54225

54234

54251

54260

54275

54279

54280

54286

54288

54293

54565

54592

54613

54634

54638

54661

54662

54734

54744

54745

54751

54758

54762

54767

54776

54777

54778

54779

54788

54791

54804

54812

54868

54870

54989

55005

55008

55028

55032

55039

55048

55090

55095

55108

55109

55112

55161

55166

55172

55188

55219

55235

55236

55248

55257

55258

55284

55297

55304

55354

55377

55415

55442

55451

55474

55489

55498

55499

55549

55563

55565

55589

55590

55591

55600

55618

55620

55636

55674

55703

55709

55776

55778

55782

55793

55803

55804

55806

55827

55833

55837

55841

55872

55880

55901

55928

55930

55935

56031

56032

56160

56164

56166

56168

56169

56192

56193

56225

56236

56240

56241

56275

56276

56282

56291

56316

56382

56386

56413

56420

56422

56439

56445

56460

56469

56483

56489

56501

56520

56528

56546

56569

56571

56605

56675

56688

56699

56714

56733

56765

56769

56778

56814

56819

56852

56856

56857

56868

56921

56971

57024

57028

57047

57061

57111

57185

57187

57192

57206

57213

57220

57228

57277

57278

57379

57385

57411

57465

57473

57474

57481

57492

57498

57501

57543

57551

57570

57595

57653

57654

57655

57669

57743

57747

57752

57753

57803

57809

57810

57842

57861

57892

57915

57964

57983

58057

58063

58067

58070

58115

58182

58194

58231

58236

58281

58288

58324

58331

58395

58503

58556

58559

58606

58634

58635

58638

58642

58646

58651

58678

58679

58692

58717

58736

58742

58744

58745

58746

58778

58789

58794

58811

58814

58821

58869

58903

58912

58914

58917

58922

58938

58999

59000

59007

59015

59023

59024

59066

59074

59120

59134

59169

59186

59192

59286

59289

59296

59306

59315

59386

59416

59458

59476

59487

59488

59496

59517

59558

59574

59580

59583

59595

59614

59625

59630

59639

59752

59753

59754

59762

59779

59797

59799

59807

59810

59827

59854

59858

59860

59868

59873

59875

59876

59879

59896

59923

59924

59936

59937

59948

59997

59999

60021

60029

60059

60072

60078

60158

60166

60172

60236

60287

60320

60347

60383

60384

60392

60432

60433

60436

60444

60450

60465

60470

60473

60475

60501

60504

60527

60531

60593

60621

60634

60658

60662

60664

60670

60674

60680

60684

60686

60712

60715

60716

60760

60788

60797

60798

60812

60822

60827

60831

60847

60872

60892

60923

60932

60967

60980

60981

60983

60985

60987

60999

61039

61065

61082

61156

61195

61198

61202

61204

61205

61218

61233

61248

61323

61327

61354

61368

61369

61377

61378

61382

61417

61450

61467

61469

61476

61482

61483

61495

61498

61522

61530

61531

61537

61542

61545

61573

61582

61603

61619

61700

61708

61712

61731

61735

61759

61760

61769

61783

61803

61862

61914

61926

61949

61962

61965

62062

62071

62122

62128

62173

62174

62193

62194

62196

62222

62231

62235

62245

62259

62262

62263

62264

62265

62266

62270

62274

62276

62286

62295

62297

62302

62311

62315

62354

62365

62366

62377

62380

62390

62429

62430

62432

62433

62447

62451

62467

62469

62471

62505

62511

62527

62530

62564

62575

62590

62602

62616

62626

62637

62664

62697

62719

62720

62749

62752

62814

62827

62837

62842

62844

62848

62883

62887

62904

62928

62936

62947

62950

62953

62963

62966

62979

62982

62998

63028

63030

63053

63055

63066

63096

63106

63122

63147

63164

63170

63175

63178

63202

63212

63217

63218

63254

63294

63295

63318

63329

63333

63347

63349

63355

63365

63386

63400

63403

63426

63434

63445

63450

63476

63503

63506

63530

63564

63583

63585

63586

63588

63632

63647

63651

63661

63671

63680

63712

63714

63730

63770

63774

63779

63784

63811

63812

63815

63848

63853

63856

63869

63879

63890

63923

63925

63938

63957

63958

63962

63971

63981

63992

64003

64011

64023

64034

64060

64062

64066

64069

64079

64083

64090

64096

64097

64099

64103

64134

64146

64148

64162

64164

64199

64208

64228

64230

64252

64263

64267

64318

64319

64333

64337

64340

64341

64348

64349

64383

64387

64388

64399

64406

64412

64443

64575

64592

64664

64689

64704

64705

64725

64731

64737

64751

64775

64776

64792

64817

64820

64827

64846

64856

64872

64883

64885

64888

64928

64932

64933

64965

64977

64980

65000

65038

65041

65074

65083

65112

65137

65142

65147

65169

65195

65206

65278

65299

65330

65389

65426

65485

65508

65537

65557

65562

65563

65568

65569

65621

65622

65661

65670

65673

65692

65714

65728

65731

65741

65778

65801

65802

65808

65817

65818

65821

65828

65829

65834

65840

65846

65847

65851

65895

65901

65904

65907

65915

65933

65955

65956

65957

65958

65963

65980

65983

65993

65996

66043

66103

66112

66114

66116

66117

66123

66125

66153

66215

66216

66218

66227

66231

66248

66277

66285

66287

66295

66321

66332

66365

66417

66427

66483

66511

66535

66538

66562

66566

66573

66577

66587

66600

66602

66619

66624

66637

66668

66694

66696

66706

66710

66711

66734

66741

66750

66757

66758

66770

66798

66810

66813

66820

66842

66855

66860

66861

66878

66880

66881

66886

66891

66897

66928

66933

66939

66966

67006

67018

67041

67054

67059

67169

67170

67173

67194

67196

67197

67199

67210

67214

67218

67230

67231

67234

67251

67255

67256

67281

67287

67293

67297

67299

67311

67321

67322

67324

67325

67328

67347

67348

67351

67356

67360

67393

67422

67423

67427

67446

67466

67467

67502

67524

67528

67543

67558

67587

67594

67610

67616

67626

67630

67631

67632

67644

67656

67702

67707

67710

67712

67713

67727

67735

67736

67743

67758

67772

67785

67801

67823

67832

67851

67857

67929

67930

67940

67941

67943

67944

67948

67950

67956

67964

67973

67984

67985

67996

67998

67999

68004

68005

68006

68011

68013

68040

68053

68058

68079

68085

68115

68117

68167

68195

68205

68248

68256

68258

68295

68309

68315

68333

68355

68371

68390

68433

68482

68505

68530

68531

68532

68550

68564

68598

68603

68631

68705

68708

68711

68712

68713

68721

68724

68747

68762

68776

68807

68814

68846

68874

68899

68902

68906

68911

68914

68919

68920

68930

68941

68969

68989

68996

69006

69024

69033

69036

69070

69075

69079

69086

69100

69108

69115

69126

69127

69130

69154

69159

69190

69198

69228

69258

69265

69272

69291

69297

69298

69301

69304

69308

69315

69323

69337

69344

69373

69392

69397

69419

69433

69480

69502

69506

69509

69511

69515

69526

69532

69552

69566

69575

69576

69577

69578

69580

69582

69600

69611

69644

69646

69649

69663

69673

69684

69702

69704

69728

69739

69748

69749

69779

69783

69795

69797

69800

69808

69811

69814

69826

69832

69847

69848

69882

69925

69928

69938

69940

69941

69968

69991

70001

70007

70009

70012

70017

70019

70024

70026

70031

70038

70048

70072

70076

70088

70099

70101

70114

70120

70135

70137

70138

70169

70179

70183

70191

70195

70196

70211

70225

70231

70287

70291

70306

70310

70327

70337

70385

70389

70423

70424

70426

70462

70464

70475

70476

70494

70499

70501

70519

70528

70539

70547

70548

70549

70552

70568

70572

70574

70588

70611

70613

70615

70619

70621

70625

70629

70637

70638

70641

70642

70644

70664

70676

70710

70733

70744

70749

70772

70777

70795

70799

70818

70824

70830

70845

70855

70858

70885

70902

70905

70921

70922

70934

70939

70940

70944

70946

70958

70985

70988

70989

70995

70998

71006

71052

71062

71065

71077

71101

71111

71115

71121

71124

71148

71150

71154

71157

71159

71161

71165

71168

71175

71177

71189

71196

71197

71203

71218

71224

71228

71234

71248

71254

71256

71262

71271

71272

71289

71328

71329

71362

71363

71364

71374

71395

71397

71398

71408

71412

71420

71421

71431

71438

71445

71453

71459

71469

71472

71477

71489

71497

71506

71541

71579

71589

71595

71596

71597

71648

71673

71685

71689

71703

71707

71718

71720

71721

71723

71737

71744

71746

71794

71809

71814

71860

71883

71886

71890

71895

71896

71919

71940

71947

71978

72017

72019

72036

72041

72044

72047

72049

72050

72073

72095

72103

72109

72116

72123

72139

72148

72170

72174

72177

72188

72197

72247

72248

72271

72273

72279

72285

72291

72292

72295

72320

72322

72330

72336

72345

72347

72358

72365

72374

72383

72394

72399

72410

72412

72419

72439

72440

72457

72467

72485

72489

72495

72519

72541

72547

72591

72602

72612

72623

72657

72658

72659

72678

72703

72728

72731

72734

72743

72757

72766

72770

72794

72797

72837

72842

72862

72895

72910

72963

72978

72983

72986

72990

72995

73009

73025

73030

73035

73042

73053

73061

73076

73100

73101

73119

73138

73154

73166

73185

73191

73197

73209

73210

73218

73221

73224

73225

73227

73245

73255

73289

73293

73301

73309

73314

73315

73344

73347

73354

73356

73363

73368

73376

73377

73389

73404

73426

73428

73435

73450

73468

73479

73499

73532

73541

73557

73561

73566

73571

73580

73581

73594

73597

73598

73613

73657

73667

73668

73680

73693

73699

73744

73768

73778

73781

73787

73796

73802

73824

73843

73852

73853

73856

73857

73871

73883

73901

73924

73938

73948

73959

73994

73996

74013

74023

74031

74033

74057

74072

74081

74083

74089

74091

74111

74113

74119

74125

74131

74141

74144

74146

74148

74156

74157

74172

74182

74183

74186

74215

74216

74218

74221

74227

74245

74251

74263

74284

74305

74315

74329

74343

74351

74367

74380

74384

74419

74426

74437

74438

74440

74441

74453

74465

74474

74481

74495

74499

74516

74540

74547

74550

74562

74582

74583

74584

74586

74600

74614

74624

74645

74657

74659

74666

74667

74669

74670

74673

74680

74681

74683

74696

74711

74717

74719

74720

74728

74740

74748

74749

74753

74756

74763

74767

74777

74782

74784

74798

74813

74816

74819

74826

74829

74830

74836

74857

74862

74866

74898

74899

74916

74920

74922

74927

74928

74941

74950

74952

74970

74989

74991

74992

74998

75009

75012

75101

75103

75105

75116

75127

75129

75130

75153

75154

75158

75204

75206

75222

75241

75243

75244

75250

75254

75269

75273

75286

75294

75314

75354

75374

75384

75395

75402

75405

75413

75419

75454

75460

75461

75465

75478

75482

75504

75505

75510

75512

75513

75519

75536

75543

75550

75594

75597

75610

75611

75626

75633

75657

75661

75667

75669

75673

75680

75695

75696

75703

75717

75724

75794

75802

75811

75820

75826

75831

75832

75833

75842

75847

75849

75860

75876

75880

75881

75883

75885

75888

75889

75898

75919

75920

75926

75934

75946

75960

75978

75988

75995

76005

76024

76025

76033

76048

76049

76056

76058

76062

76064

76065

76070

76079

76098

76102

76107

76116

76124

76126

76130

76138

76143

76146

76149

76151

76153

76157

76159

76160

76183

76186

76188

76191

76203

76214

76235

76239

76252

76254

76282

76310

76313

76318

76322

76324

76327

76328

76330

76334

76335

76340

76359

76371

76377

76383

76385

76390

76408

76409

76417

76421

76429

76432

76436

76439

76440

76460

76462

76464

76471

76472

76478

76486

76488

76492

76493

76503

76510

76519

76521

76534

76546

76557

76561

76574

76577

76578

76579

76582

76585

76590

76608

76609

76614

76619

76622

76632

76665

76672

76673

76677

76686

76690

76711

76736

76755

76762

76773

76798

76804

76806

76807

76826

76834

76838

76841

76850

76851

76855

76859

76862

76863

76875

76877

76899

76918

76924

76931

76946

76947

76963

76977

76978

76999

77000

77007

77009

77019

77020

77024

77028

77034

77047

77051

77053

77056

77060

77066

77081

77114

77118

77120

77123

77124

77144

77145

77148

77149

77152

77159

77182

77184

77207

77214

77229

77235

77238

77250

77278

77295

77300

77307

77311

77320

77329

77336

77341

77349

77352

77357

77363

77365

77382

77388

77399

77414

77422

77433

77437

77442

77444

77450

77453

77461

77466

77468

77480

77484

77504

77514

77543

77546

77552

77559

77561

77570

77587

77590

77591

77598

77605

77609

77618

77642

77645

77652

77665

77674

77678

77680

77685

77686

77687

77698

77699

77712

77720

77730

77731

77742

77749

77754

77786

77805

77810

77822

77828

77836

77844

77852

77877

77886

77907

77910

77912

77924

77929

77943

77944

77945

77948

77951

77954

77957

77961

77969

77988

77989

77997

78000

78007

78013

78021

78027

78033

78040

78046

78054

78058

78067

78069

78071

78072

78076

78078

78082

78087

78088

78095

78096

78100

78111

78114

78118

78120

78126

78129

78136

78139

78142

78145

78147

78162

78165

78171

78177

78190

78192

78194

78199

78207

78210

78213

78215

78228

78240

78258

78270

78273

78276

78289

78296

78300

78306

78307

78318

78320

78329

78330

78355

78357

78364

78367

78390

78394

78402

78405

78422

78433

78441

78449

78452

78453

78457

78464

78475

78481

78484

78488

78494

78497

78502

78505

78513

78518

78519

78524

78530

78543

78547

78549

78553

78565

78568

78570

78585

78586

78589

78598

78599

78625

78627

78647

78658

78664

78666

78672

78674

78678

78682

78692

78719

78722

78723

78751

78768

78772

78774

78799

78812

78816

78829

78831

78838

78845

78865

78868

78896

78911

78934

78943

78951

78954

78959

78963

78966

78972

78973

78981

79006

79007

79008

79030

79034

79039

79046

79050

79052

79070

79076

79078

79084

79100

79103

79108

79119

79120

79122

79123

79139

79141

79142

79144

79150

79157

79159

79170

79173

79183

79196

79198

79213

79232

79245

79250

79252

79257

79262

79264

79265

79267

79293

79294

79308

79314

79315

79322

79330

79331

79333

79335

79345

79353

79369

79371

79379

79380

79383

79402

79410

79414

79421

79431

79443

79449

79452

79466

79477

79485

79491

79492

79512

79519

79528

79529

79535

79570

79574

79591

79592

79594

79596

79603

79610

79612

79614

79615

79620

79622

79629

79631

79654

79662

79682

79697

79705

79720

79723

79726

79729

79734

79737

79742

79747

79749

79753

79754

79772

79788

79790

79805

79809

79821

79859

79875

79879

79880

79883

79906

79914

79919

79921

79924

79936

79944

79945

79946

79952

79965

79969

79985

79992

79994

80004

80012

80021

80050

80057

80066

80069

80082

80086

80095

80098

80101

80153

80155

80165

80167

80172

80190

80207

80214

80221

80238

80240

80247

80256

80258

80260

80263

80271

80272

80274

80275

80276

80277

80290

80309

80315

80319

80326

80327

80330

80358

80381

80382

80386

80389

80392

80395

80397

80399

80400

80407

80423

80429

80446

80450

80452

80457

80458

80464

80467

80475

80477

80487

80490

80492

80495

80501

80519

80523

80534

80547

80558

80560

80561

80562

80563

80564

80567

80568

80570

80571

80573

80579

80583

80589

80598

80601

80609

80613

80616

80620

80621

80624

80633

80640

80650

80666

80668

80675

80700

80702

80704

80706

80712

80714

80725

80739

80745

80763

80764

80767

80774

80791

80807

80811

80816

80820

80821

80838

80842

80852

80855

80860

80861

80862

80869

80871

80874

80875

80883

80886

80894

80896

80902

80904

80905

80906

80917

80926

80929

80930

80961

80965

80971

80984

80991

80995

80996

81018

81025

81032

81034

81036

81038

81045

81046

81048

81055

81074

81076

81087

81089

81093

81102

81104

81115

81117

81118

81119

81121

81124

81130

81142

81148

81153

81157

81159

81170

81180

81193

81196

81199

81200

81202

81205

81215

81222

81224

81225

81226

81229

81242

81262

81266

81269

81279

81282

81283

81289

81290

81295

81303

81312

81322

81327

81332

81344

81351

81356

81358

81362

81367

81369

81371

81378

81381

81389

81395

81397

81399

81404

81407

81412

81414

81420

81422

81425

81427

81429

81430

81439

81440

81441

81442

81444

81445

81448

81455

81462

81463

81467

81468

81473

81474

81478

81486

81490

81494

81495

81507

81509

81513

81515

81520

81522

81529

81550

81555

81564

81573

81578

81596

81613

81623

81625

81627

81628

81632

81653

81657

81663

81664

81665

81671

81677

81683

81695

81697

81701

81708

81710

81715

81719

81725

81726

81727

81729

81732

81745

81747

81748

81749

81754

81757

81758

81761

81764

81766

81769

81770

81771

81774

81776

81783

81786

81791

81795

81804

81809

81811

81818

81823

81826

81828

81831

81833

81838

81844

81856

81863

81864

81869

81874

81879

81882

81883

81886

81888

81892

81894

81896

81911

81912

81914

81917

81930

81933

81936

81939

81944

81946

81947

81952

81957

81960

81970

81971

81982

81984

81993

82012

82015

82018

82034

82036

82043

82051

82052

82054

82057

82059

82063

82079

82083

82084

82085

82087

82088

82089

82090

82093

82101

82105

82106

82108

82117

82118

82120

82121

82138

82142

82162

82163

82166

82167

