So Dinh Trong Tap Doc Lap: 302

# Directed graph (each unordered pair of nodes is saved once): Slashdot0811.txt 
# Slashdot Zoo social network from Noveber 6 2008
# Nodes: 77360 Edges: 905468
443

504

6796

7525

8005

8147

10894

12216

15684

15982

16043

17432

18266

18592

18785

18866

19205

19443

19502

21227

21381

21679

21851

22431

22664

23062

23747

24066

25356

25966

26792

27399

28307

28459

28855

28994

29041

29468

29707

30736

30955

32818

32862

33102

33273

33673

34240

36495

37076

37984

38056

38746

38941

39150

40496

40577

43253

43335

43480

43492

44750

46222

46984

47004

47090

47304

47323

47809

47988

48284

48476

48541

49056

49225

49246

49313

49401

49411

50566

50568

50604

51132

51368

51449

52279

52296

52411

52432

52454

52666

52829

52961

53030

53531

53640

53861

53960

53968

54072

54182

54390

54577

54677

54768

55030

55522

56093

56261

56576

56578

57195

57731

57762

57888

58906

58993

59151

59362

59643

59907

60044

60463

60485

60693

61101

61254

61283

61306

61451

61489

61508

61571

61919

61920

61940

61946

61965

62049

62074

62354

62986

62988

63047

63079

63415

63698

63744

63769

63916

63925

63931

64289

64465

64592

64666

64885

64958

65014

65201

66183

66294

66368

66424

66482

66534

66914

66957

67074

67225

67338

67364

67401

67430

67523

67750

67772

67852

68177

68427

68437

68438

68439

68580

68698

68738

68763

68847

68880

68899

68959

69124

69529

69641

69816

69921

69954

70223

70266

70364

70395

70462

70482

70502

70517

70520

70612

70970

71024

71295

71361

71626

71661

72008

72024

72026

72165

72175

72500

72522

72567

72812

72818

72856

72928

72935

73022

73048

73057

73201

73320

73431

73493

73497

73560

73580

73647

73744

73764

73766

73994

74067

74176

74190

74245

74438

74446

74509

74648

74679

74729

74749

74760

74796

74850

74884

75014

75043

75324

75413

75644

75675

75727

75778

75860

75870

75920

76054

76065

76066

76067

76069

76070

76071

76106

76131

76247

76277

76298

76301

76311

76323

76367

76396

76405

76434

76438

76565

76600

76634

76686

76802

76832

76852

76904

76922

76950

77001

77012

77062

77143

77271

77359

